tol_background_integration = 1e-09
tol_perturb_integration = 1e-07
tol_thermo_integration = 1e-05
k_per_decade_for_pk = 50
k_bao_width = 8
k_per_decade_for_bao = 200
neglect_CMB_sources_below_visibility = 1e-30
transfer_neglect_late_source = 3000.0
l_max_g = 50
l_max_ur = 150
extra metric transfer functions = y
h = 0.680952380952381
Omega_cdm = 0.21027450242065626
Omega_b = 0.0483
Omega_k = 0
n_s = 0.8325
A_s = 2.696491159483996e-09
Omega_fld = 0
N_ur = 3.046
output = dTk vTk mPk
P_k_max_h/Mpc = 321.6990877275948
z_max_pk = 100
z_pk = [99.   4.2  4.   3.8  3.6  3.4  3.2  3.   2.8  2.6  2.4  2.2]
